ssim: 0.21005966751762686
psnr: 9.586270064215173
lpips: 0.5824014544487
