ssim: 0.09594731614911228
psnr: 11.675134126292253
lpips: 0.4338650405406952
