ssim: 0.29649840160032803
psnr: 12.805405087400556
lpips: 0.4828629493713379
