ssim: 0.19010048800190965
psnr: 11.02620938388895
lpips: 0.651677668094635
