ssim: 0.44589996884136757
psnr: 14.726059091389715
lpips: 0.49268996715545654
