ssim: 0.06377179057544294
psnr: 8.627930870491324
lpips: 0.5535396337509155
