ssim: 0.21804082321223447
psnr: 11.691855724039097
lpips: 0.582404375076294
