ssim: 0.17581581862859777
psnr: 5.8774496400772165
lpips: 0.650046706199646
