ssim: 0.2554575185738427
psnr: 6.167464763370901
lpips: 0.6115528345108032
