ssim: 0.15546667465530825
psnr: 9.501045956477977
lpips: 0.6685546040534973
