ssim: 0.22318110765978139
psnr: 6.406855278112018
lpips: 0.8433030843734741
