ssim: 0.32282765651708817
psnr: 11.566562447080798
lpips: 0.6571161150932312
