ssim: 0.17147944818985147
psnr: 8.24240132313956
lpips: 0.5371168255805969
