ssim: 0.24664602457867366
psnr: 7.0098118981748
lpips: 0.6414487361907959
