ssim: 0.28895991255909165
psnr: 15.259014478693882
lpips: 0.7157641649246216
