ssim: 0.56690386876182
psnr: 17.339501421114658
lpips: 0.41774457693099976
