ssim: 0.29350810482250933
psnr: 10.063493111483815
lpips: 0.6864713430404663
