ssim: 0.12847789124131315
psnr: 9.545499893543818
lpips: 0.7086598873138428
