ssim: 0.12378841505716207
psnr: 12.207654111123066
lpips: 0.4879035949707031
