ssim: 0.4033372376009378
psnr: 13.72379319174514
lpips: 0.46078112721443176
