ssim: 0.27896268800295254
psnr: 12.637541133671755
lpips: 0.5449181199073792
